/home/kamen/Workspace/ai_search/input/AISearchfile058.txt
[45, 35, 5, 15, 34, 37, 31, 4, 10, 54, 23, 47, 3, 9, 12, 52, 32, 30, 49, 53, 7, 11, 8, 40, 33, 18, 16, 1, 38, 55, 27, 14, 22, 48, 57, 41, 51, 26, 46, 28, 19, 56, 6, 13, 21, 36, 44, 42, 17, 25, 43, 0, 24, 20, 2, 50, 29, 39]
22802
/home/kamen/Workspace/ai_search/input/AISearchfile026.txt
1473
/home/kamen/Workspace/ai_search/input/AISearchfile535.txt
[0, 392, 309, 171, 433, 293, 511, 120, 492, 286, 116, 314, 328, 108, 423, 13, 172, 234, 243, 88, 66, 302, 321, 156, 503, 55, 304, 21, 210, 331, 413, 32, 224, 91, 25, 384, 14, 118, 98, 367, 202, 206, 259, 129, 263, 317, 43, 301, 27, 178, 478, 459, 169, 235, 245, 493, 100, 188, 273, 402, 208, 170, 74, 366, 463, 518, 448, 124, 494, 215, 495, 5, 244, 258, 363, 341, 261, 232, 153, 369, 143, 46, 155, 307, 123, 105, 249, 200, 386, 496, 435, 379, 255, 28, 359, 440, 84, 228, 291, 323, 343, 266, 101, 434, 469, 93, 225, 362, 6, 205, 382, 163, 374, 160, 391, 451, 131, 16, 281, 252, 352, 287, 187, 378, 394, 285, 1, 334, 198, 404, 455, 351, 217, 453, 446, 424, 506, 149, 278, 227, 135, 425, 213, 283, 80, 408, 203, 196, 221, 513, 56, 296, 419, 467, 383, 216, 444, 534, 141, 526, 527, 11, 442, 226, 398, 399, 44, 19, 152, 431, 233, 111, 47, 312, 76, 189, 61, 482, 418, 144, 270, 40, 409, 57, 289, 26, 81, 68, 487, 500, 150, 45, 490, 403, 280, 65, 414, 148, 239, 308, 8, 465, 222, 251, 268, 306, 485, 373, 256, 242, 368, 165, 107, 508, 35, 207, 388, 499, 449, 385, 347, 516, 199, 154, 336, 157, 121, 183, 498, 33, 99, 350, 405, 447, 220, 438, 417, 75, 159, 117, 9, 530, 49, 212, 253, 175, 164, 167, 71, 468, 132, 15, 381, 36, 430, 428, 358, 267, 140, 67, 138, 292, 214, 92, 393, 452, 204, 18, 191, 260, 24, 298, 533, 315, 3, 237, 275, 162, 63, 42, 300, 370, 519, 39, 282, 230, 422, 339, 133, 37, 97, 456, 400, 20, 346, 69, 426, 415, 380, 361, 238, 184, 371, 338, 471, 147, 29, 102, 54, 218, 240, 355, 2, 488, 186, 375, 303, 284, 265, 439, 236, 481, 179, 290, 396, 166, 337, 114, 78, 390, 353, 443, 83, 246, 436, 462, 195, 319, 197, 41, 466, 299, 460, 130, 421, 510, 248, 515, 48, 332, 180, 512, 376, 357, 514, 505, 142, 457, 161, 517, 113, 529, 82, 322, 532, 62, 70, 483, 470, 64, 60, 491, 324, 38, 58, 72, 297, 274, 335, 310, 509, 420, 125, 474, 94, 316, 454, 257, 34, 7, 484, 486, 247, 158, 327, 137, 294, 412, 427, 122, 528, 219, 416, 349, 145, 223, 401, 174, 325, 318, 115, 264, 182, 277, 461, 523, 52, 502, 389, 507, 119, 209, 356, 146, 73, 136, 501, 477, 86, 333, 330, 23, 4, 110, 271, 134, 520, 476, 272, 181, 269, 254, 531, 22, 173, 95, 276, 85, 139, 279, 79, 522, 348, 109, 176, 406, 305, 429, 411, 387, 377, 504, 185, 397, 450, 229, 441, 345, 250, 473, 524, 262, 326, 354, 87, 320, 211, 410, 521, 489, 464, 77, 445, 128, 177, 407, 475, 89, 30, 497, 17, 364, 193, 127, 231, 112, 10, 151, 365, 31, 313, 437, 525, 241, 192, 288, 311, 51, 372, 59, 104, 360, 472, 168, 295, 194, 53, 342, 395, 479, 106, 201, 340, 90, 480, 344, 432, 12, 103, 96, 190, 329, 458, 126, 50]
59997
/home/kamen/Workspace/ai_search/input/AISearchfile175.txt
[0, 119, 108, 162, 72, 139, 71, 164, 113, 110, 129, 62, 115, 34, 33, 28, 77, 86, 104, 27, 39, 159, 89, 160, 120, 128, 81, 106, 25, 1, 153, 13, 46, 100, 40, 3, 65, 32, 63, 170, 51, 82, 169, 78, 123, 45, 144, 76, 23, 94, 83, 10, 145, 126, 24, 15, 52, 152, 19, 121, 141, 117, 92, 8, 98, 88, 26, 35, 172, 68, 157, 114, 143, 112, 12, 2, 75, 66, 69, 60, 80, 53, 127, 70, 42, 29, 135, 16, 43, 11, 147, 14, 155, 111, 58, 136, 54, 44, 125, 7, 116, 149, 9, 102, 59, 85, 67, 22, 167, 130, 137, 41, 151, 131, 101, 17, 142, 140, 138, 95, 57, 73, 132, 55, 61, 31, 158, 161, 107, 37, 36, 49, 6, 91, 87, 96, 84, 165, 122, 163, 168, 105, 48, 21, 38, 146, 4, 79, 173, 134, 50, 97, 171, 56, 20, 47, 148, 5, 99, 90, 18, 133, 103, 156, 154, 118, 166, 30, 93, 124, 174, 150, 109, 74, 64]
21988
/home/kamen/Workspace/ai_search/input/AISearchfile017.txt
1444
/home/kamen/Workspace/ai_search/input/AISearchtestcase.txt
28
/home/kamen/Workspace/ai_search/input/AISearchfile042.txt
1193
/home/kamen/Workspace/ai_search/input/AISearchfile012.txt
56
/home/kamen/Workspace/ai_search/input/AISearchfile048.txt
12521
/home/kamen/Workspace/ai_search/input/AISearchfile180.txt
[0, 119, 43, 128, 23, 106, 60, 84, 11, 140, 47, 121, 120, 51, 174, 155, 142, 173, 18, 100, 102, 73, 165, 132, 152, 27, 177, 69, 143, 138, 93, 103, 30, 54, 127, 83, 99, 17, 40, 74, 94, 12, 122, 10, 7, 167, 88, 67, 63, 65, 123, 45, 160, 49, 110, 113, 166, 28, 146, 46, 19, 156, 38, 104, 76, 68, 26, 79, 16, 24, 168, 150, 58, 4, 118, 31, 101, 50, 61, 39, 14, 66, 52, 178, 5, 161, 97, 164, 62, 33, 162, 3, 78, 136, 57, 114, 8, 75, 85, 131, 35, 176, 80, 70, 171, 81, 48, 158, 124, 172, 82, 141, 163, 15, 159, 179, 116, 149, 107, 90, 105, 170, 125, 139, 87, 41, 126, 92, 25, 36, 13, 108, 133, 22, 77, 130, 115, 21, 129, 9, 20, 71, 44, 53, 175, 111, 29, 145, 153, 64, 72, 91, 109, 89, 59, 169, 157, 144, 1, 42, 98, 2, 148, 117, 112, 154, 151, 135, 134, 95, 34, 56, 6, 37, 86, 147, 55, 96, 32, 137]
2700
/home/kamen/Workspace/ai_search/input/AISearchfile021.txt
2549
